E_low	E_high	Flux	rel_err
MeV	MeV	n/(cm\+(2)s)	
2,2603E-5	2,9023E-5	24503640	0,7123
2,9023E-5	3,7267E-5	52474320	0,5222
3,7267E-5	4,7851E-5	87059160	0,4199
4,7851E-5	6,1442E-5	86155200	0,551
6,1442E-5	7,8893E-5	152609280	0,3847
7,8893E-5	1,013E-4	178818540	0,3537
1,013E-4	1,3007E-4	204414000	0,2885
1,3007E-4	1,6702E-4	599533800	0,2159
1,6702E-4	2,1445E-4	993500400	0,1676
2,1445E-4	2,7536E-4	1723903800	0,1369
2,7536E-4	3,5358E-4	2394192000	0,1387
3,5358E-4	4,54E-4	4735746000	0,0832
4,54E-4	5,8295E-4	6644850000	0,0955
5,8295E-4	7,4852E-4	11116662000	0,0657
7,4852E-4	9,6112E-4	16609986000	0,0588
9,6112E-4	0,0012341	23495520000	0,0492
0,0012341	0,0015846	36606660000	0,0377
0,0015846	0,0020347	52011180000	0,0326
0,0020347	0,0022487	27993000000	0,044
0,0022487	0,0024852	30879720000	0,0384
0,0024852	0,0026126	17805222000	0,0681
0,0026126	0,0027465	17158500000	0,0659
0,0027465	0,0030354	34082640000	0,0323
0,0030354	0,0033546	37374840000	0,0588
0,0033546	0,0037074	29998080000	0,0356
0,0037074	0,0043074	34575540000	0,0377
0,0043074	0,0055308	60853620000	0,034
0,0055308	0,0071017	94095540000	0,0272
0,0071017	0,0091188	118653120000	0,022
0,0091188	0,010595	121623540000	0,0188
0,010595	0,011709	53984640000	0,0412
0,011709	0,015034	52295760000	0,0354
0,015034	0,019305	53789340000	0,0314
0,019305	0,021875	60223080000	0,0266
0,021875	0,023579	46760400000	0,039
0,023579	0,024176	17417784000	0,0525
0,024176	0,024788	20530680000	0,0464
0,024788	0,026058	41613780000	0,0319
0,026058	0,027	23436000000	0,0609
0,027	0,0285	16853646000	0,0658
0,0285	0,031828	47848500000	0,0408
0,031828	0,034307	50186520000	0,0534
0,034307	0,040868	127454640000	0,0205
0,040868	0,046309	101935440000	0,0226
0,046309	0,052475	82747680000	0,0235
0,052475	0,056562	82357080000	0,0244
0,056562	0,067379	196248600000	0,0208
0,067379	0,072	47331420000	0,0373
0,072	0,0795	74150760000	0,0285
0,0795	0,0825	32317500000	0,0323
0,0825	0,086517	24284160000	0,0711
0,086517	0,098037	60265860000	0,0501
0,098037	0,11109	54883020000	0,0305
0,11109	0,11679	31220100000	0,0343
0,11679	0,12277	43951800000	0,0344
0,12277	0,12907	46738080000	0,0317
0,12907	0,13569	72627420000	0,0348
0,13569	0,14264	32637420000	0,0355
0,14264	0,14996	24518520000	0,0469
0,14996	0,15764	46764120000	0,0333
0,15764	0,16573	23050980000	0,0523
0,16573	0,17422	30033420000	0,0358
0,17422	0,18316	39352020000	0,032
0,18316	0,19255	31141980000	0,038
0,19255	0,20242	26960700000	0,0336
0,20242	0,2128	24574320000	0,0468
0,2128	0,22371	22223280000	0,0424
0,22371	0,23518	32762040000	0,0347
0,23518	0,24724	24263700000	0,0737
0,24724	0,27324	64480620000	0,0254
0,27324	0,28725	27496380000	0,0558
0,28725	0,29452	15458274000	0,0499
0,29452	0,2972	5532756000	0,0683
0,2972	0,2985	3494940000	0,121
0,2985	0,30197	8383020000	0,0716
0,30197	0,33373	81482880000	0,0288
0,33373	0,36883	83428440000	0,0326
0,36883	0,38774	47439300000	0,0343
0,38774	0,40762	52853760000	0,0362
0,40762	0,45049	104995140000	0,0564
0,45049	0,49787	118541520000	0,0307
0,49787	0,5234	66898620000	0,0871
0,5234	0,55023	62944260000	0,0271
0,55023	0,57844	78590580000	0,0281
0,57844	0,6081	96958080000	0,0496
0,6081	0,63928	74195400000	0,029
0,63928	0,67206	89464140000	0,0251
0,67206	0,70651	86430480000	0,0228
0,70651	0,74274	107641920000	0,1051
0,74274	0,78082	83538180000	0,0283
0,78082	0,82085	85889220000	0,0265
0,82085	0,86294	93835140000	0,0266
0,86294	0,90718	90356940000	0,0278
0,90718	0,96164	115850100000	0,0345
0,96164	1,0026	84516540000	0,039
1,0026	1,108	207464400000	0,0192
1,108	1,1648	92620560000	0,0257
1,1648	1,2246	94566120000	0,0241
1,2246	1,2873	83701860000	0,0279
1,2873	1,3534	85991520000	0,0389
1,3534	1,4227	90656400000	0,023
1,4227	1,4957	78618480000	0,0233
1,4957	1,5724	71617440000	0,0275
1,5724	1,653	67486380000	0,0259
1,653	1,7377	70427040000	0,0244
1,7377	1,8268	73548120000	0,0333
1,8268	1,9205	73542540000	0,0401
1,9205	2,019	60334680000	0,0297
2,019	2,1225	59149860000	0,0275
2,1225	2,2313	58948980000	0,0255
2,2313	2,3069	34592280000	0,0354
2,3069	2,3457	18945960000	0,0475
2,3457	2,3653	11849502000	0,283
2,3653	2,3852	9334596000	0,0657
2,3852	2,466	29717220000	0,0371
2,466	2,5924	43605840000	0,0321
2,5924	2,7253	40996260000	0,0362
2,7253	2,865	42177360000	0,0389
2,865	3,0119	39166020000	0,0298
3,0119	3,1664	36188160000	0,0327
3,1664	3,3287	40637280000	0,0541
3,3287	3,6788	69575160000	0,0223
3,6788	4,0657	69787200000	0,0345
4,0657	4,4933	65827260000	0,0316
4,4933	4,7237	30955980000	0,0434
4,7237	4,9659	30902040000	0,0312
4,9659	5,2205	29577720000	0,0345
5,2205	5,4881	28742580000	0,0451
5,4881	5,7695	26750520000	0,0401
5,7695	6,0653	26964420000	0,0337
6,0653	6,3763	32057100000	0,0497
6,3763	6,5924	20655300000	0,0348
6,5924	6,7032	10767540000	0,0638
6,7032	7,0469	33215880000	0,0335
7,0469	7,4082	32164980000	0,0301
7,4082	7,788	32473740000	0,0298
7,788	8,1873	32125920000	0,0277
8,1873	8,6071	35105640000	0,0369
8,6071	9,0484	32771340000	0,0253
9,0484	9,5123	36708960000	0,0245
9,5123	10	36863340000	0,0242
10	10,513	42313140000	0,024
10,513	11,052	50796600000	0,0201
11,052	11,618	59797140000	0,0217
11,618	12,214	83266620000	0,0215
12,214	12,523	52037220000	0,0207
12,523	12,84	59428860000	0,0222
12,84	13,499	151655100000	0,0157
13,499	13,84	98371680000	0,0127
13,84	14,191	263450400000	0,0116
