0.00E+00
3.94E-39
6.54E-34
1.77E-29
3.08E-26
1.44E-23
2.56E-21
2.15E-19
1.01E-17
2.95E-16
5.90E-15
8.59E-14
9.60E-13
8.57E-12
6.30E-11
3.93E-10
2.12E-09
2.21E-08
4.27E-08
3.07E-07
5.78E-07
3.10E-06
5.68E-06
6.37E-03
1.29E-02
2.34E-02
3.41E-02
1.04E+00
2.08E+00
7.06E+00
1.22E+01
2.52E+01
3.86E+01
6.44E+01
9.09E+01
1.84E+02
2.79E+02
4.28E+02
5.81E+02
7.37E+02
8.96E+02
1.06E+03
1.26E+03
1.47E+03
1.68E+03
1.89E+03
2.11E+03
2.44E+03
2.78E+03
3.12E+03
3.47E+03
3.82E+03
4.45E+03
5.10E+03
5.75E+03
6.42E+03
7.10E+03
8.67E+03
1.03E+04
1.19E+04
1.36E+04
1.52E+04
1.81E+04
2.10E+04
2.40E+04
2.70E+04
3.01E+04
3.41E+04
3.81E+04
4.23E+04
4.64E+04
5.07E+04
5.57E+04
6.08E+04
6.59E+04
7.12E+04
7.65E+04
8.07E+04
8.51E+04
8.95E+04
9.39E+04
9.84E+04
1.01E+05
1.03E+05
1.06E+05
1.09E+05
1.11E+05
1.12E+05
1.12E+05
1.13E+05
1.13E+05
1.14E+05
1.13E+05
1.12E+05
1.12E+05
1.11E+05
1.10E+05
1.08E+05
1.07E+05
1.05E+05
1.03E+05
1.01E+05
9.94E+04
9.73E+04
9.51E+04
9.29E+04
9.07E+04
8.84E+04
8.61E+04
8.38E+04
8.14E+04
7.89E+04
7.67E+04
7.44E+04
7.21E+04
6.98E+04
6.75E+04
6.54E+04
6.33E+04
6.12E+04
5.90E+04
5.69E+04
5.49E+04
5.29E+04
5.09E+04
4.90E+04
4.72E+04
4.54E+04
4.36E+04
4.20E+04
4.04E+04
3.89E+04
3.77E+04
3.66E+04
3.56E+04
3.45E+04
3.35E+04
3.10E+04
2.85E+04
2.58E+04
2.30E+04
2.00E+04
1.97E+04
1.92E+04
1.85E+04
1.77E+04
1.66E+04
1.63E+04
1.59E+04
1.54E+04
1.48E+04
1.42E+04
1.35E+04
1.27E+04
1.19E+04
1.11E+04
1.03E+04
9.45E+03
8.61E+03
7.78E+03
6.96E+03
6.17E+03
5.41E+03
4.69E+03
4.01E+03
3.39E+03
2.83E+03
2.33E+03
1.88E+03
1.50E+03
1.18E+03
9.08E+02
6.89E+02
5.14E+02
3.76E+02
2.71E+02
1.92E+02
1.33E+02
9.06E+01
6.06E+01
3.98E+01
2.56E+01
1.62E+01
1.00E+01
6.10E+00
3.64E+00
2.13E+00
1.22E+00
6.84E-01
3.76E-01
2.03E-01
1.07E-01
5.53E-02
2.80E-02
1.39E-02
6.73E-03
3.19E-03
1.48E-03
6.74E-04
3.00E-04
1.30E-04
5.55E-05
2.31E-05
9.41E-06
3.75E-06
1.46E-06
5.56E-07
2.07E-07
7.54E-08
2.69E-08
9.36E-09
3.19E-09
1.06E-09
3.46E-10
1.10E-10
3.42E-11
1.04E-11
3.10E-12
9.03E-13
2.57E-13
7.14E-14
1.94E-14
5.17E-15
1.34E-15
3.41E-16
8.48E-17
2.06E-17
4.90E-18
1.14E-18
2.58E-19
5.74E-20
1.24E-20
