7.46E-01
8.85E-01
1.03E+00
1.17E+00
1.32E+00
1.46E+00
1.61E+00
1.77E+00
1.92E+00
2.08E+00
2.24E+00
2.40E+00
2.57E+00
2.74E+00
2.91E+00
3.08E+00
3.26E+00
3.43E+00
3.61E+00
3.79E+00
3.98E+00
4.17E+00
4.36E+00
4.55E+00
4.74E+00
4.94E+00
5.14E+00
5.34E+00
5.54E+00
5.75E+00
5.96E+00
6.17E+00
6.38E+00
6.60E+00
6.82E+00
7.04E+00
7.26E+00
7.49E+00
7.72E+00
7.95E+00
8.18E+00
8.41E+00
8.65E+00
8.89E+00
9.13E+00
9.38E+00
9.63E+00
9.88E+00
1.01E+01
1.04E+01
1.06E+01
1.09E+01
1.12E+01
1.14E+01
1.17E+01
1.20E+01
1.22E+01
1.25E+01
1.28E+01
1.31E+01
1.33E+01
1.36E+01
1.39E+01
1.42E+01
1.45E+01
1.48E+01
1.51E+01
1.54E+01
1.57E+01
1.60E+01
1.63E+01
1.66E+01
1.69E+01
1.72E+01
1.75E+01
1.79E+01
1.82E+01
1.85E+01
1.88E+01
1.91E+01
1.95E+01
1.98E+01
2.01E+01
2.05E+01
2.08E+01
2.12E+01
2.15E+01
2.19E+01
2.22E+01
2.26E+01
2.29E+01
2.33E+01
2.36E+01
2.40E+01
2.43E+01
2.47E+01
2.51E+01
2.54E+01
2.58E+01
2.62E+01
2.66E+01
2.70E+01
2.73E+01
2.77E+01
2.81E+01
2.85E+01
2.89E+01
2.93E+01
2.97E+01
3.01E+01
3.05E+01
3.09E+01
3.13E+01
3.17E+01
3.21E+01
3.25E+01
3.29E+01
3.34E+01
3.38E+01
3.42E+01
3.46E+01
3.51E+01
3.55E+01
3.59E+01
3.64E+01
3.68E+01
3.72E+01
3.77E+01
3.81E+01
3.86E+01
3.90E+01
3.95E+01
3.99E+01
4.04E+01
4.09E+01
4.13E+01
4.18E+01
4.23E+01
4.27E+01
4.32E+01
4.37E+01
4.41E+01
4.46E+01
4.51E+01
4.56E+01
4.61E+01
4.66E+01
4.71E+01
4.76E+01
4.81E+01
4.85E+01
4.91E+01
4.96E+01
5.01E+01
5.06E+01
5.11E+01
5.16E+01
5.21E+01
5.26E+01
5.31E+01
5.37E+01
5.42E+01
5.47E+01
5.53E+01
5.58E+01
5.63E+01
5.69E+01
5.74E+01
5.79E+01
5.85E+01
5.90E+01
5.96E+01
6.01E+01
6.07E+01
6.12E+01
6.18E+01
6.24E+01
6.29E+01
6.35E+01
6.41E+01
6.46E+01
6.52E+01
6.58E+01
6.64E+01
6.69E+01
6.75E+01
6.81E+01
6.87E+01
6.93E+01
6.99E+01
7.05E+01
7.11E+01
7.17E+01
7.23E+01
7.29E+01
7.35E+01
7.41E+01
7.47E+01
7.53E+01
7.59E+01
7.66E+01
7.72E+01
7.78E+01
7.84E+01
7.91E+01
7.97E+01
8.03E+01
8.10E+01
8.16E+01
8.22E+01
8.29E+01
8.35E+01
8.42E+01
8.48E+01
8.55E+01
8.61E+01
8.68E+01
8.75E+01
8.81E+01
8.88E+01
8.95E+01
9.01E+01
9.08E+01
9.15E+01
9.22E+01
9.28E+01
9.35E+01
9.42E+01
9.49E+01
9.56E+01
9.63E+01
9.70E+01
