3.59E+03
9.29E+03
1.97E+04
3.61E+04
5.55E+04
8.45E+04
1.17E+05
1.54E+05
1.93E+05
2.33E+05
2.73E+05
3.12E+05
3.51E+05
3.91E+05
4.29E+05
4.69E+05
5.00E+05
5.33E+05
5.60E+05
5.88E+05
6.10E+05
6.32E+05
6.45E+05
6.59E+05
6.71E+05
6.83E+05
6.87E+05
6.91E+05
6.83E+05
6.75E+05
6.69E+05
6.64E+05
6.56E+05
6.47E+05
6.38E+05
6.29E+05
6.19E+05
6.11E+05
6.02E+05
5.93E+05
5.84E+05
5.74E+05
5.61E+05
5.48E+05
5.34E+05
5.20E+05
5.06E+05
5.00E+05
4.95E+05
4.90E+05
4.84E+05
4.78E+05
4.74E+05
4.69E+05
4.65E+05
4.60E+05
4.55E+05
4.48E+05
4.41E+05
4.34E+05
4.27E+05
4.19E+05
4.11E+05
4.03E+05
3.94E+05
3.85E+05
3.76E+05
3.67E+05
3.58E+05
3.48E+05
3.38E+05
3.28E+05
3.19E+05
3.10E+05
3.00E+05
2.90E+05
2.80E+05
2.71E+05
2.61E+05
2.52E+05
2.42E+05
2.33E+05
2.25E+05
2.16E+05
2.08E+05
2.00E+05
1.91E+05
1.84E+05
1.77E+05
1.70E+05
1.62E+05
1.55E+05
1.49E+05
1.43E+05
1.36E+05
1.30E+05
1.24E+05
1.19E+05
1.14E+05
1.09E+05
1.03E+05
9.80E+04
9.38E+04
8.95E+04
8.52E+04
8.08E+04
7.63E+04
7.28E+04
6.92E+04
6.56E+04
6.20E+04
5.84E+04
5.54E+04
5.26E+04
4.98E+04
4.70E+04
4.44E+04
4.17E+04
3.91E+04
3.66E+04
3.40E+04
3.13E+04
2.76E+04
2.36E+04
1.93E+04
1.47E+04
9.85E+03
9.70E+03
9.36E+03
8.87E+03
8.25E+03
7.53E+03
6.75E+03
5.93E+03
5.10E+03
4.28E+03
3.51E+03
2.80E+03
2.18E+03
1.64E+03
1.20E+03
8.55E+02
5.88E+02
3.92E+02
2.53E+02
1.58E+02
9.53E+01
5.56E+01
3.13E+01
1.70E+01
8.95E+00
4.54E+00
2.22E+00
1.05E+00
4.80E-01
2.11E-01
8.95E-02
3.66E-02
1.45E-02
5.51E-03
2.02E-03
7.16E-04
2.45E-04
8.05E-05
2.56E-05
7.83E-06
2.31E-06
6.57E-07
1.80E-07
4.77E-08
1.22E-08
2.99E-09
7.09E-10
1.62E-10
3.57E-11
7.59E-12
1.56E-12
3.07E-13
5.85E-14
1.07E-14
1.90E-15
3.25E-16
5.34E-17
8.48E-18
1.30E-18
1.91E-19
2.72E-20
3.73E-21
4.93E-22
6.28E-23
7.72E-24
9.14E-25
1.04E-25
1.15E-26
1.22E-27
1.25E-28
1.23E-29
1.17E-30
1.08E-31
9.52E-33
8.12E-34
6.68E-35
5.29E-36
4.04E-37
2.98E-38
2.10E-39
1.50E-40
6.31E-45
