2.69E+04
6.95E+04
1.47E+05
2.70E+05
4.15E+05
6.32E+05
8.73E+05
1.15E+06
1.44E+06
1.75E+06
2.04E+06
2.34E+06
2.62E+06
2.92E+06
3.21E+06
3.51E+06
3.75E+06
3.99E+06
4.19E+06
4.40E+06
4.56E+06
4.73E+06
4.83E+06
4.93E+06
5.02E+06
5.11E+06
5.14E+06
5.17E+06
5.11E+06
5.05E+06
5.01E+06
4.97E+06
4.91E+06
4.84E+06
4.78E+06
4.71E+06
4.63E+06
4.57E+06
4.51E+06
4.44E+06
4.37E+06
4.29E+06
4.20E+06
4.10E+06
4.00E+06
3.89E+06
3.78E+06
3.75E+06
3.71E+06
3.67E+06
3.62E+06
3.58E+06
3.55E+06
3.51E+06
3.48E+06
3.44E+06
3.40E+06
3.35E+06
3.30E+06
3.25E+06
3.20E+06
3.14E+06
3.08E+06
3.02E+06
2.95E+06
2.88E+06
2.81E+06
2.75E+06
2.68E+06
2.61E+06
2.53E+06
2.46E+06
2.39E+06
2.32E+06
2.24E+06
2.17E+06
2.09E+06
2.03E+06
1.96E+06
1.89E+06
1.81E+06
1.74E+06
1.68E+06
1.62E+06
1.56E+06
1.49E+06
1.43E+06
1.38E+06
1.32E+06
1.27E+06
1.21E+06
1.16E+06
1.11E+06
1.07E+06
1.02E+06
9.74E+05
9.27E+05
8.89E+05
8.51E+05
8.13E+05
7.73E+05
7.33E+05
7.02E+05
6.70E+05
6.37E+05
6.05E+05
5.71E+05
5.45E+05
5.18E+05
4.91E+05
4.64E+05
4.37E+05
4.15E+05
3.93E+05
3.72E+05
3.52E+05
3.33E+05
3.12E+05
2.93E+05
2.74E+05
2.54E+05
2.35E+05
2.06E+05
1.76E+05
1.44E+05
1.10E+05
7.37E+04
7.26E+04
7.01E+04
6.64E+04
6.17E+04
5.64E+04
5.05E+04
4.44E+04
3.81E+04
3.20E+04
2.63E+04
2.10E+04
1.63E+04
1.23E+04
9.01E+03
6.40E+03
4.40E+03
2.94E+03
1.89E+03
1.18E+03
7.13E+02
4.16E+02
2.34E+02
1.28E+02
6.70E+01
3.40E+01
1.67E+01
7.87E+00
3.59E+00
1.58E+00
6.70E-01
2.74E-01
1.08E-01
4.12E-02
1.51E-02
5.36E-03
1.83E-03
6.03E-04
1.91E-04
5.86E-05
1.73E-05
4.92E-06
1.35E-06
3.57E-07
9.11E-08
2.24E-08
5.31E-09
1.21E-09
2.67E-10
5.68E-11
1.16E-11
2.30E-12
4.38E-13
8.04E-14
1.42E-14
2.43E-15
4.00E-16
6.35E-17
9.71E-18
1.43E-18
2.04E-19
2.79E-20
3.69E-21
4.70E-22
5.78E-23
6.84E-24
7.82E-25
8.61E-26
9.14E-27
9.35E-28
9.23E-29
8.78E-30
8.06E-31
7.13E-32
6.08E-33
5.00E-34
3.96E-35
3.03E-36
2.23E-37
1.57E-38
1.12E-39
6.31E-45
