0.00E+00
5.26E-40
8.73E-35
2.37E-30
4.12E-27
1.93E-24
3.41E-22
2.87E-20
1.34E-18
3.94E-17
7.88E-16
1.15E-14
1.28E-13
1.14E-12
8.42E-12
5.25E-11
2.83E-10
2.96E-09
5.70E-09
4.10E-08
7.72E-08
4.14E-07
7.59E-07
8.52E-04
1.72E-03
3.12E-03
4.55E-03
1.40E-01
2.78E-01
9.43E-01
1.62E+00
3.37E+00
5.16E+00
8.61E+00
1.21E+01
2.45E+01
3.72E+01
5.72E+01
7.76E+01
9.85E+01
1.20E+02
1.41E+02
1.68E+02
1.96E+02
2.24E+02
2.53E+02
2.82E+02
3.26E+02
3.71E+02
4.16E+02
4.63E+02
5.10E+02
5.95E+02
6.81E+02
7.69E+02
8.58E+02
9.49E+02
1.16E+03
1.37E+03
1.59E+03
1.81E+03
2.03E+03
2.42E+03
2.81E+03
3.20E+03
3.61E+03
4.01E+03
4.55E+03
5.09E+03
5.64E+03
6.20E+03
6.77E+03
7.44E+03
8.12E+03
8.81E+03
9.51E+03
1.02E+04
1.08E+04
1.14E+04
1.19E+04
1.25E+04
1.31E+04
1.35E+04
1.38E+04
1.42E+04
1.45E+04
1.48E+04
1.49E+04
1.50E+04
1.51E+04
1.51E+04
1.52E+04
1.51E+04
1.50E+04
1.49E+04
1.48E+04
1.47E+04
1.45E+04
1.42E+04
1.40E+04
1.38E+04
1.36E+04
1.33E+04
1.30E+04
1.27E+04
1.24E+04
1.21E+04
1.18E+04
1.15E+04
1.12E+04
1.09E+04
1.05E+04
1.02E+04
9.94E+03
9.64E+03
9.33E+03
9.01E+03
8.74E+03
8.45E+03
8.17E+03
7.89E+03
7.60E+03
7.33E+03
7.07E+03
6.81E+03
6.55E+03
6.31E+03
6.06E+03
5.83E+03
5.61E+03
5.40E+03
5.20E+03
5.04E+03
4.89E+03
4.75E+03
4.61E+03
4.47E+03
4.14E+03
3.80E+03
3.45E+03
3.07E+03
2.67E+03
2.63E+03
2.57E+03
2.48E+03
2.36E+03
2.22E+03
2.18E+03
2.12E+03
2.06E+03
1.98E+03
1.89E+03
1.80E+03
1.70E+03
1.59E+03
1.48E+03
1.37E+03
1.26E+03
1.15E+03
1.04E+03
9.30E+02
8.24E+02
7.23E+02
6.26E+02
5.36E+02
4.53E+02
3.78E+02
3.11E+02
2.52E+02
2.01E+02
1.57E+02
1.21E+02
9.21E+01
6.86E+01
5.03E+01
3.62E+01
2.56E+01
1.78E+01
1.21E+01
8.09E+00
5.31E+00
3.42E+00
2.16E+00
1.34E+00
8.15E-01
4.86E-01
2.84E-01
1.63E-01
9.14E-02
5.03E-02
2.71E-02
1.43E-02
7.39E-03
3.74E-03
1.85E-03
8.98E-04
4.26E-04
1.98E-04
9.00E-05
4.00E-05
1.74E-05
7.41E-06
3.09E-06
1.26E-06
5.00E-07
1.95E-07
7.42E-08
2.77E-08
1.01E-08
3.59E-09
1.25E-09
4.26E-10
1.42E-10
4.62E-11
1.47E-11
4.57E-12
1.39E-12
4.14E-13
1.21E-13
3.43E-14
9.54E-15
2.60E-15
6.90E-16
1.79E-16
4.56E-17
1.13E-17
2.75E-18
6.54E-19
1.52E-19
3.45E-20
7.66E-21
1.66E-21
