1.10E+00
2.28E+00
3.49E+00
4.72E+00
5.99E+00
7.28E+00
8.60E+00
9.95E+00
1.13E+01
1.27E+01
1.42E+01
1.56E+01
1.71E+01
1.87E+01
2.02E+01
2.18E+01
2.34E+01
2.51E+01
2.67E+01
2.84E+01
3.02E+01
3.19E+01
3.37E+01
3.55E+01
3.74E+01
3.92E+01
4.12E+01
4.31E+01
4.50E+01
4.70E+01
4.91E+01
5.11E+01
5.32E+01
5.53E+01
5.74E+01
5.96E+01
6.18E+01
6.40E+01
6.63E+01
6.85E+01
7.09E+01
7.32E+01
7.56E+01
7.80E+01
8.04E+01
8.28E+01
8.53E+01
8.78E+01
9.04E+01
9.30E+01
9.56E+01
9.82E+01
1.01E+02
1.04E+02
1.06E+02
1.09E+02
1.12E+02
1.15E+02
1.17E+02
1.20E+02
1.23E+02
1.26E+02
1.29E+02
1.32E+02
1.35E+02
1.38E+02
1.41E+02
1.44E+02
1.47E+02
1.51E+02
1.54E+02
1.57E+02
1.60E+02
1.63E+02
1.67E+02
1.70E+02
1.73E+02
1.77E+02
1.80E+02
1.84E+02
1.87E+02
1.91E+02
1.94E+02
1.98E+02
2.01E+02
2.05E+02
2.09E+02
2.12E+02
2.16E+02
2.20E+02
2.23E+02
2.27E+02
2.31E+02
2.35E+02
2.39E+02
2.43E+02
2.47E+02
2.51E+02
2.55E+02
2.59E+02
2.63E+02
2.67E+02
2.71E+02
2.75E+02
2.79E+02
2.83E+02
2.88E+02
2.92E+02
2.96E+02
3.01E+02
3.05E+02
3.09E+02
3.14E+02
3.18E+02
3.23E+02
3.27E+02
3.32E+02
3.36E+02
3.41E+02
3.45E+02
3.50E+02
3.55E+02
3.59E+02
3.64E+02
3.69E+02
3.74E+02
3.78E+02
3.83E+02
3.88E+02
3.93E+02
3.98E+02
4.03E+02
4.08E+02
4.13E+02
4.18E+02
4.23E+02
4.28E+02
4.33E+02
4.38E+02
4.44E+02
4.49E+02
4.54E+02
4.59E+02
4.65E+02
4.70E+02
4.75E+02
4.81E+02
4.86E+02
4.92E+02
4.97E+02
5.03E+02
5.08E+02
5.14E+02
5.19E+02
5.25E+02
5.31E+02
5.36E+02
5.42E+02
5.48E+02
5.53E+02
5.59E+02
5.65E+02
5.71E+02
5.77E+02
5.83E+02
5.89E+02
5.95E+02
6.01E+02
6.07E+02
6.13E+02
6.19E+02
6.25E+02
6.31E+02
6.37E+02
6.44E+02
6.50E+02
6.56E+02
6.62E+02
6.69E+02
6.75E+02
6.81E+02
6.88E+02
6.94E+02
7.01E+02
7.07E+02
7.14E+02
7.20E+02
7.27E+02
7.33E+02
7.40E+02
7.47E+02
7.53E+02
7.60E+02
7.67E+02
7.74E+02
7.81E+02
7.87E+02
7.94E+02
8.01E+02
8.08E+02
8.15E+02
8.22E+02
8.29E+02
8.36E+02
8.43E+02
8.50E+02
8.57E+02
8.65E+02
